vite.config.js
  s_97699eea035a5d::t_332c8fcc4c1f4b 1-6
package.json
  s_97699eea035a5d::t_3c10631b84bc3c 16,19-21
vercel.json
  s_97699eea035a5d::t_19df86967d861b 1-5
.gitignore
  s_97699eea035a5d::t_b7bd0f7a9a1232 1-6
package-lock.json
  s_97699eea035a5d::t_1c655a6e5267ba 13,16-18,25,40,50,81,98,115,125,139,157,167,177,187,197,211,227,243,259,274,293,310,327,344,361,378,395,412,429,446,463,480,497,514,531,548,565,582,599,616,633,650,667,684,701,718,735,749,760,771,781,788,802,854,864,878,892,906,920,934,948,962,976,990,1004,1018,1032,1046,1060,1074,1088,1102,1116,1130,1144,1158,1172,1186,1200,1211,1225,1235,1246,1256,1263,1301,1327,1361,1399,1406,1437,1451,1493,1540,1646,1661,1784,1797,1848,1920,1927,1946,2015,2022,2048,2123,2144,2223,2243,2266,2319,2350,2425
---
{
  "schema_version": "authorship/3.0.0",
  "git_ai_version": "1.7.4",
  "base_commit_sha": "35fd98bc54fd6de7ced250f5d64f7ae009fbac78",
  "prompts": {},
  "sessions": {
    "s_97699eea035a5d": {
      "agent_id": {
        "tool": "cursor",
        "id": "e924787e-8f61-40f9-babf-15955036284b",
        "model": "grok-4.6"
      },
      "human_author": "ayadav1 <ayadav1@cogiate.com>"
    }
  }
}